   -0.100000000000000E+01                      NaN
   -0.993987975951904E+00                      NaN
   -0.987975951903808E+00                      NaN
   -0.981963927855711E+00                      NaN
   -0.975951903807615E+00                      NaN
   -0.969939879759519E+00                      NaN
   -0.963927855711423E+00                      NaN
   -0.957915831663327E+00                      NaN
   -0.951903807615230E+00                      NaN
   -0.945891783567134E+00                      NaN
   -0.939879759519038E+00                      NaN
   -0.933867735470942E+00                      NaN
   -0.927855711422846E+00                      NaN
   -0.921843687374749E+00                      NaN
   -0.915831663326653E+00                      NaN
   -0.909819639278557E+00                      NaN
   -0.903807615230461E+00                      NaN
   -0.897795591182365E+00                      NaN
   -0.891783567134269E+00                      NaN
   -0.885771543086172E+00                      NaN
   -0.879759519038076E+00                      NaN
   -0.873747494989980E+00                      NaN
   -0.867735470941884E+00                      NaN
   -0.861723446893788E+00                      NaN
   -0.855711422845691E+00                      NaN
   -0.849699398797595E+00                      NaN
   -0.843687374749499E+00                      NaN
   -0.837675350701403E+00                      NaN
   -0.831663326653307E+00                      NaN
   -0.825651302605210E+00                      NaN
   -0.819639278557114E+00                      NaN
   -0.813627254509018E+00                      NaN
   -0.807615230460922E+00                      NaN
   -0.801603206412826E+00                      NaN
   -0.795591182364729E+00                      NaN
   -0.789579158316633E+00                      NaN
   -0.783567134268537E+00                      NaN
   -0.777555110220441E+00                      NaN
   -0.771543086172345E+00                      NaN
   -0.765531062124248E+00                      NaN
   -0.759519038076152E+00                      NaN
   -0.753507014028056E+00                      NaN
   -0.747494989979960E+00                      NaN
   -0.741482965931864E+00                      NaN
   -0.735470941883768E+00                      NaN
   -0.729458917835671E+00                      NaN
   -0.723446893787575E+00                      NaN
   -0.717434869739479E+00                      NaN
   -0.711422845691383E+00                      NaN
   -0.705410821643287E+00                      NaN
   -0.699398797595190E+00                      NaN
   -0.693386773547094E+00                      NaN
   -0.687374749498998E+00                      NaN
   -0.681362725450902E+00                      NaN
   -0.675350701402806E+00                      NaN
   -0.669338677354709E+00                      NaN
   -0.663326653306613E+00                      NaN
   -0.657314629258517E+00                      NaN
   -0.651302605210421E+00                      NaN
   -0.645290581162325E+00                      NaN
   -0.639278557114228E+00                      NaN
   -0.633266533066132E+00                      NaN
   -0.627254509018036E+00                      NaN
   -0.621242484969940E+00                      NaN
   -0.615230460921844E+00                      NaN
   -0.609218436873747E+00                      NaN
   -0.603206412825651E+00                      NaN
   -0.597194388777555E+00                      NaN
   -0.591182364729459E+00                      NaN
   -0.585170340681363E+00                      NaN
   -0.579158316633267E+00                      NaN
   -0.573146292585170E+00                      NaN
   -0.567134268537074E+00                      NaN
   -0.561122244488978E+00                      NaN
   -0.555110220440882E+00                      NaN
   -0.549098196392786E+00                      NaN
   -0.543086172344689E+00                      NaN
   -0.537074148296593E+00                      NaN
   -0.531062124248497E+00                      NaN
   -0.525050100200401E+00                      NaN
   -0.519038076152305E+00                      NaN
   -0.513026052104208E+00                      NaN
   -0.507014028056112E+00                      NaN
   -0.501002004008016E+00                      NaN
   -0.494989979959920E+00                      NaN
   -0.488977955911824E+00                      NaN
   -0.482965931863727E+00                      NaN
   -0.476953907815631E+00                      NaN
   -0.470941883767535E+00                      NaN
   -0.464929859719439E+00                      NaN
   -0.458917835671343E+00                      NaN
   -0.452905811623246E+00                      NaN
   -0.446893787575150E+00                      NaN
   -0.440881763527054E+00                      NaN
   -0.434869739478958E+00                      NaN
   -0.428857715430862E+00                      NaN
   -0.422845691382766E+00                      NaN
   -0.416833667334669E+00                      NaN
   -0.410821643286573E+00                      NaN
   -0.404809619238477E+00                      NaN
   -0.398797595190381E+00                      NaN
   -0.392785571142285E+00                      NaN
   -0.386773547094188E+00                      NaN
   -0.380761523046092E+00                      NaN
   -0.374749498997996E+00                      NaN
   -0.368737474949900E+00                      NaN
   -0.362725450901804E+00                      NaN
   -0.356713426853707E+00                      NaN
   -0.350701402805611E+00                      NaN
   -0.344689378757515E+00                      NaN
   -0.338677354709419E+00                      NaN
   -0.332665330661323E+00                      NaN
   -0.326653306613226E+00                      NaN
   -0.320641282565130E+00                      NaN
   -0.314629258517034E+00                      NaN
   -0.308617234468938E+00                      NaN
   -0.302605210420842E+00                      NaN
   -0.296593186372745E+00                      NaN
   -0.290581162324649E+00                      NaN
   -0.284569138276553E+00                      NaN
   -0.278557114228457E+00                      NaN
   -0.272545090180361E+00                      NaN
   -0.266533066132265E+00                      NaN
   -0.260521042084168E+00                      NaN
   -0.254509018036072E+00                      NaN
   -0.248496993987976E+00                      NaN
   -0.242484969939880E+00                      NaN
   -0.236472945891784E+00                      NaN
   -0.230460921843687E+00                      NaN
   -0.224448897795591E+00                      NaN
   -0.218436873747495E+00                      NaN
   -0.212424849699399E+00                      NaN
   -0.206412825651303E+00                      NaN
   -0.200400801603206E+00                      NaN
   -0.194388777555110E+00                      NaN
   -0.188376753507014E+00                      NaN
   -0.182364729458918E+00                      NaN
   -0.176352705410822E+00                      NaN
   -0.170340681362725E+00                      NaN
   -0.164328657314629E+00                      NaN
   -0.158316633266533E+00                      NaN
   -0.152304609218437E+00                      NaN
   -0.146292585170341E+00                      NaN
   -0.140280561122244E+00                      NaN
   -0.134268537074148E+00                      NaN
   -0.128256513026052E+00                      NaN
   -0.122244488977956E+00                      NaN
   -0.116232464929860E+00                      NaN
   -0.110220440881764E+00                      NaN
   -0.104208416833667E+00                      NaN
   -0.981963927855711E-01                      NaN
   -0.921843687374749E-01                      NaN
   -0.861723446893788E-01                      NaN
   -0.801603206412826E-01                      NaN
   -0.741482965931864E-01                      NaN
   -0.681362725450902E-01                      NaN
   -0.621242484969940E-01                      NaN
   -0.561122244488978E-01                      NaN
   -0.501002004008016E-01                      NaN
   -0.440881763527054E-01                      NaN
   -0.380761523046092E-01                      NaN
   -0.320641282565130E-01                      NaN
   -0.260521042084168E-01                      NaN
   -0.200400801603206E-01                      NaN
   -0.140280561122244E-01                      NaN
   -0.801603206412826E-02                      NaN
   -0.200400801603206E-02                      NaN
    0.400801603206413E-02                      NaN
    0.100200400801603E-01                      NaN
    0.160320641282565E-01                      NaN
    0.220440881763527E-01                      NaN
    0.280561122244489E-01                      NaN
    0.340681362725451E-01                      NaN
    0.400801603206413E-01                      NaN
    0.460921843687375E-01                      NaN
    0.521042084168337E-01                      NaN
    0.581162324649299E-01                      NaN
    0.641282565130261E-01                      NaN
    0.701402805611222E-01                      NaN
    0.761523046092184E-01                      NaN
    0.821643286573146E-01                      NaN
    0.881763527054108E-01                      NaN
    0.941883767535070E-01                      NaN
    0.100200400801603E+00                      NaN
    0.106212424849699E+00                      NaN
    0.112224448897796E+00                      NaN
    0.118236472945892E+00                      NaN
    0.124248496993988E+00                      NaN
    0.130260521042084E+00                      NaN
    0.136272545090180E+00                      NaN
    0.142284569138277E+00                      NaN
    0.148296593186373E+00                      NaN
    0.154308617234469E+00                      NaN
    0.160320641282565E+00                      NaN
    0.166332665330661E+00                      NaN
    0.172344689378758E+00                      NaN
    0.178356713426854E+00                      NaN
    0.184368737474950E+00                      NaN
    0.190380761523046E+00                      NaN
    0.196392785571142E+00                      NaN
    0.202404809619238E+00                      NaN
    0.208416833667335E+00                      NaN
    0.214428857715431E+00                      NaN
    0.220440881763527E+00                      NaN
    0.226452905811623E+00                      NaN
    0.232464929859719E+00                      NaN
    0.238476953907816E+00                      NaN
    0.244488977955912E+00                      NaN
    0.250501002004008E+00                      NaN
    0.256513026052104E+00                      NaN
    0.262525050100200E+00                      NaN
    0.268537074148297E+00                      NaN
    0.274549098196393E+00                      NaN
    0.280561122244489E+00                      NaN
    0.286573146292585E+00                      NaN
    0.292585170340681E+00                      NaN
    0.298597194388778E+00                      NaN
    0.304609218436874E+00                      NaN
    0.310621242484970E+00                      NaN
    0.316633266533066E+00                      NaN
    0.322645290581162E+00                      NaN
    0.328657314629259E+00                      NaN
    0.334669338677355E+00                      NaN
    0.340681362725451E+00                      NaN
    0.346693386773547E+00                      NaN
    0.352705410821643E+00                      NaN
    0.358717434869739E+00                      NaN
    0.364729458917836E+00                      NaN
    0.370741482965932E+00                      NaN
    0.376753507014028E+00                      NaN
    0.382765531062124E+00                      NaN
    0.388777555110220E+00                      NaN
    0.394789579158317E+00                      NaN
    0.400801603206413E+00                      NaN
    0.406813627254509E+00                      NaN
    0.412825651302605E+00                      NaN
    0.418837675350701E+00                      NaN
    0.424849699398798E+00                      NaN
    0.430861723446894E+00                      NaN
    0.436873747494990E+00                      NaN
    0.442885771543086E+00                      NaN
    0.448897795591182E+00                      NaN
    0.454909819639279E+00                      NaN
    0.460921843687375E+00                      NaN
    0.466933867735471E+00                      NaN
    0.472945891783567E+00                      NaN
    0.478957915831663E+00                      NaN
    0.484969939879760E+00                      NaN
    0.490981963927856E+00                      NaN
    0.496993987975952E+00                      NaN
    0.503006012024048E+00                      NaN
    0.509018036072144E+00                      NaN
    0.515030060120240E+00                      NaN
    0.521042084168337E+00                      NaN
    0.527054108216433E+00                      NaN
    0.533066132264529E+00                      NaN
    0.539078156312625E+00                      NaN
    0.545090180360721E+00                      NaN
    0.551102204408818E+00                      NaN
    0.557114228456914E+00                      NaN
    0.563126252505010E+00                      NaN
    0.569138276553106E+00                      NaN
    0.575150300601202E+00                      NaN
    0.581162324649299E+00                      NaN
    0.587174348697395E+00                      NaN
    0.593186372745491E+00                      NaN
    0.599198396793587E+00                      NaN
    0.605210420841683E+00                      NaN
    0.611222444889780E+00                      NaN
    0.617234468937876E+00                      NaN
    0.623246492985972E+00                      NaN
    0.629258517034068E+00                      NaN
    0.635270541082164E+00                      NaN
    0.641282565130261E+00                      NaN
    0.647294589178357E+00                      NaN
    0.653306613226453E+00                      NaN
    0.659318637274549E+00                      NaN
    0.665330661322645E+00                      NaN
    0.671342685370741E+00                      NaN
    0.677354709418838E+00                      NaN
    0.683366733466934E+00                      NaN
    0.689378757515030E+00                      NaN
    0.695390781563126E+00                      NaN
    0.701402805611222E+00                      NaN
    0.707414829659319E+00                      NaN
    0.713426853707415E+00                      NaN
    0.719438877755511E+00                      NaN
    0.725450901803607E+00                      NaN
    0.731462925851703E+00                      NaN
    0.737474949899800E+00                      NaN
    0.743486973947896E+00                      NaN
    0.749498997995992E+00                      NaN
    0.755511022044088E+00                      NaN
    0.761523046092184E+00                      NaN
    0.767535070140281E+00                      NaN
    0.773547094188377E+00                      NaN
    0.779559118236473E+00                      NaN
    0.785571142284569E+00                      NaN
    0.791583166332665E+00                      NaN
    0.797595190380762E+00                      NaN
    0.803607214428858E+00                      NaN
    0.809619238476954E+00                      NaN
    0.815631262525050E+00                      NaN
    0.821643286573146E+00                      NaN
    0.827655310621242E+00                      NaN
    0.833667334669339E+00                      NaN
    0.839679358717435E+00                      NaN
    0.845691382765531E+00                      NaN
    0.851703406813627E+00                      NaN
    0.857715430861723E+00                      NaN
    0.863727454909820E+00                      NaN
    0.869739478957916E+00                      NaN
    0.875751503006012E+00                      NaN
    0.881763527054108E+00                      NaN
    0.887775551102204E+00                      NaN
    0.893787575150301E+00                      NaN
    0.899799599198397E+00                      NaN
    0.905811623246493E+00                      NaN
    0.911823647294589E+00                      NaN
    0.917835671342685E+00                      NaN
    0.923847695390782E+00                      NaN
    0.929859719438878E+00                      NaN
    0.935871743486974E+00                      NaN
    0.941883767535070E+00                      NaN
    0.947895791583166E+00                      NaN
    0.953907815631263E+00                      NaN
    0.959919839679359E+00                      NaN
    0.965931863727455E+00                      NaN
    0.971943887775551E+00                      NaN
    0.977955911823647E+00                      NaN
    0.983967935871743E+00                      NaN
    0.989979959919840E+00                      NaN
    0.995991983967936E+00                      NaN
    0.100200400801603E+01                      NaN
    0.100801603206413E+01                      NaN
    0.101402805611222E+01                      NaN
    0.102004008016032E+01                      NaN
    0.102605210420842E+01                      NaN
    0.103206412825651E+01                      NaN
    0.103807615230461E+01                      NaN
    0.104408817635271E+01                      NaN
    0.105010020040080E+01                      NaN
    0.105611222444890E+01                      NaN
    0.106212424849699E+01                      NaN
    0.106813627254509E+01                      NaN
    0.107414829659319E+01                      NaN
    0.108016032064128E+01                      NaN
    0.108617234468938E+01                      NaN
    0.109218436873747E+01                      NaN
    0.109819639278557E+01                      NaN
    0.110420841683367E+01                      NaN
    0.111022044088176E+01                      NaN
    0.111623246492986E+01                      NaN
    0.112224448897796E+01                      NaN
    0.112825651302605E+01                      NaN
    0.113426853707415E+01                      NaN
    0.114028056112224E+01                      NaN
    0.114629258517034E+01                      NaN
    0.115230460921844E+01                      NaN
    0.115831663326653E+01                      NaN
    0.116432865731463E+01                      NaN
    0.117034068136273E+01                      NaN
    0.117635270541082E+01                      NaN
    0.118236472945892E+01                      NaN
    0.118837675350701E+01                      NaN
    0.119438877755511E+01                      NaN
    0.120040080160321E+01                      NaN
    0.120641282565130E+01                      NaN
    0.121242484969940E+01                      NaN
    0.121843687374749E+01                      NaN
    0.122444889779559E+01                      NaN
    0.123046092184369E+01                      NaN
    0.123647294589178E+01                      NaN
    0.124248496993988E+01                      NaN
    0.124849699398798E+01                      NaN
    0.125450901803607E+01                      NaN
    0.126052104208417E+01                      NaN
    0.126653306613226E+01                      NaN
    0.127254509018036E+01                      NaN
    0.127855711422846E+01                      NaN
    0.128456913827655E+01                      NaN
    0.129058116232465E+01                      NaN
    0.129659318637275E+01                      NaN
    0.130260521042084E+01                      NaN
    0.130861723446894E+01                      NaN
    0.131462925851703E+01                      NaN
    0.132064128256513E+01                      NaN
    0.132665330661323E+01                      NaN
    0.133266533066132E+01                      NaN
    0.133867735470942E+01                      NaN
    0.134468937875752E+01                      NaN
    0.135070140280561E+01                      NaN
    0.135671342685371E+01                      NaN
    0.136272545090180E+01                      NaN
    0.136873747494990E+01                      NaN
    0.137474949899800E+01                      NaN
    0.138076152304609E+01                      NaN
    0.138677354709419E+01                      NaN
    0.139278557114228E+01                      NaN
    0.139879759519038E+01                      NaN
    0.140480961923848E+01                      NaN
    0.141082164328657E+01                      NaN
    0.141683366733467E+01                      NaN
    0.142284569138277E+01                      NaN
    0.142885771543086E+01                      NaN
    0.143486973947896E+01                      NaN
    0.144088176352705E+01                      NaN
    0.144689378757515E+01                      NaN
    0.145290581162325E+01                      NaN
    0.145891783567134E+01                      NaN
    0.146492985971944E+01                      NaN
    0.147094188376754E+01                      NaN
    0.147695390781563E+01                      NaN
    0.148296593186373E+01                      NaN
    0.148897795591182E+01                      NaN
    0.149498997995992E+01                      NaN
    0.150100200400802E+01                      NaN
    0.150701402805611E+01                      NaN
    0.151302605210421E+01                      NaN
    0.151903807615230E+01                      NaN
    0.152505010020040E+01                      NaN
    0.153106212424850E+01                      NaN
    0.153707414829659E+01                      NaN
    0.154308617234469E+01                      NaN
    0.154909819639279E+01                      NaN
    0.155511022044088E+01                      NaN
    0.156112224448898E+01                      NaN
    0.156713426853707E+01                      NaN
    0.157314629258517E+01                      NaN
    0.157915831663327E+01                      NaN
    0.158517034068136E+01                      NaN
    0.159118236472946E+01                      NaN
    0.159719438877756E+01                      NaN
    0.160320641282565E+01                      NaN
    0.160921843687375E+01                      NaN
    0.161523046092184E+01                      NaN
    0.162124248496994E+01                      NaN
    0.162725450901804E+01                      NaN
    0.163326653306613E+01                      NaN
    0.163927855711423E+01                      NaN
    0.164529058116232E+01                      NaN
    0.165130260521042E+01                      NaN
    0.165731462925852E+01                      NaN
    0.166332665330661E+01                      NaN
    0.166933867735471E+01                      NaN
    0.167535070140281E+01                      NaN
    0.168136272545090E+01                      NaN
    0.168737474949900E+01                      NaN
    0.169338677354709E+01                      NaN
    0.169939879759519E+01                      NaN
    0.170541082164329E+01                      NaN
    0.171142284569138E+01                      NaN
    0.171743486973948E+01                      NaN
    0.172344689378758E+01                      NaN
    0.172945891783567E+01                      NaN
    0.173547094188377E+01                      NaN
    0.174148296593186E+01                      NaN
    0.174749498997996E+01                      NaN
    0.175350701402806E+01                      NaN
    0.175951903807615E+01                      NaN
    0.176553106212425E+01                      NaN
    0.177154308617234E+01                      NaN
    0.177755511022044E+01                      NaN
    0.178356713426854E+01                      NaN
    0.178957915831663E+01                      NaN
    0.179559118236473E+01                      NaN
    0.180160320641283E+01                      NaN
    0.180761523046092E+01                      NaN
    0.181362725450902E+01                      NaN
    0.181963927855711E+01                      NaN
    0.182565130260521E+01                      NaN
    0.183166332665331E+01                      NaN
    0.183767535070140E+01                      NaN
    0.184368737474950E+01                      NaN
    0.184969939879760E+01                      NaN
    0.185571142284569E+01                      NaN
    0.186172344689379E+01                      NaN
    0.186773547094188E+01                      NaN
    0.187374749498998E+01                      NaN
    0.187975951903808E+01                      NaN
    0.188577154308617E+01                      NaN
    0.189178356713427E+01                      NaN
    0.189779559118236E+01                      NaN
    0.190380761523046E+01                      NaN
    0.190981963927856E+01                      NaN
    0.191583166332665E+01                      NaN
    0.192184368737475E+01                      NaN
    0.192785571142285E+01                      NaN
    0.193386773547094E+01                      NaN
    0.193987975951904E+01                      NaN
    0.194589178356713E+01                      NaN
    0.195190380761523E+01                      NaN
    0.195791583166333E+01                      NaN
    0.196392785571142E+01                      NaN
    0.196993987975952E+01                      NaN
    0.197595190380762E+01                      NaN
    0.198196392785571E+01                      NaN
    0.198797595190381E+01                      NaN
    0.199398797595190E+01                      NaN
    0.200000000000000E+01                      NaN
