   0.0000000000000000       -2.0000000000000000        6.0000000000000000        8.0000000000000000     
   8.3333333333333332E-003  -1.9916666666666667        5.9000347113384350        7.8917013792458306     
   1.6666666666666666E-002  -1.9833333333333334        5.8001388092811510        7.7834721450938673     
   2.5000000000000001E-002  -1.9750000000000001        5.7003122360300296        7.6753122397460061     
   3.3333333333333333E-002  -1.9666666666666666        5.6005549338351415        7.5672216054523318     
   4.1666666666666664E-002  -1.9583333333333333        5.5008668449946754        7.4592001845109905     
   5.0000000000000003E-002  -1.9500000000000000        5.4012479118548100        7.3512479192682321     
   5.8333333333333334E-002  -1.9416666666666667        5.3016980768098563        7.2433647521183104     
   6.6666666666666666E-002  -1.9333333333333333        5.2022172823020014        7.1355506255034413     
   7.4999999999999997E-002  -1.9250000000000000        5.1028054708214796        7.0278054819138447     
   8.3333333333333329E-002  -1.9166666666666667        5.0034625849063445        6.9201292638876026     
   9.1666666666666660E-002  -1.9083333333333334        4.9041885671425547        6.8125219140106452     
  0.10000000000000001       -1.8999999999999999        4.8049833601639023        6.7049833749168073     
  0.10833333333333334       -1.8916666666666666        4.7058469066519564        6.5975135892876011     
  0.11666666666666667       -1.8833333333333333        4.6067791493360062        6.4901124998523869     
  0.12500000000000000       -1.8750000000000000        4.5077800309930751        6.3827800493881455     
  0.13333333333333333       -1.8666666666666667        4.4088494944478356        6.2755161807195634     
  0.14166666666666666       -1.8583333333333334        4.3099874825726232        6.1683208367189764     
  0.14999999999999999       -1.8500000000000001        4.2111939382873089        6.0611939603062552     
  0.15833333333333333       -1.8416666666666668        4.1124688045593274        5.9541354944488774     
  0.16666666666666666       -1.8333333333333333        4.0138120244036486        5.8471453821617558     
  0.17499999999999999       -1.8250000000000000        3.9152235408826641        5.7402235665073107     
  0.18333333333333332       -1.8166666666666667        3.8167032971062440        5.6333699905954120     
  0.19166666666666668       -1.8083333333333333        3.7182512362315947        5.5265845975832946     
  0.20000000000000001       -1.8000000000000000        3.6198673014633300        5.4198673306755296     
  0.20833333333333334       -1.7916666666666667        3.5215514360533149        5.3132181331240105     
  0.21666666666666667       -1.7833333333333332        3.4233035833007364        5.2066369482279100     
  0.22500000000000001       -1.7749999999999999        3.3251236865519616        5.1001237193336380     
  0.23333333333333334       -1.7666666666666666        3.2270116892006087        4.9936783898347556     
  0.24166666666666667       -1.7583333333333333        3.1289675346873764        4.8873009031720187     
  0.25000000000000000       -1.7500000000000000        3.0309911665001295        4.7809912028332633     
  0.25833333333333336       -1.7416666666666667        2.9330825281738129        4.6747492323534345     
  0.26666666666666666       -1.7333333333333334        2.8352415632903671        4.5685749353145013     
  0.27500000000000002       -1.7250000000000001        2.7374682154787564        4.4624682553453994     
  0.28333333333333333       -1.7166666666666668        2.6397624284148691        4.3564291361220597     
  0.29166666666666669       -1.7083333333333333        2.5421241458215746        4.2504575213672808     
  0.29999999999999999       -1.7000000000000000        2.4445533114685247        4.1445533548508138     
  0.30833333333333335       -1.6916666666666667        2.3470498691723094        4.0387165803891918     
  0.31666666666666665       -1.6833333333333333        2.2496137627962440        3.9329471418457445     
  0.32500000000000001       -1.6750000000000000        2.1522449362504545        3.8272449831306119     
  0.33333333333333331       -1.6666666666666667        2.0549433334917779        3.7216100482005885     
  0.34166666666666667       -1.6583333333333332        1.9577088985237054        3.6160422810592081     
  0.34999999999999998       -1.6499999999999999        1.8605415753963968        3.5105416257566446     
  0.35833333333333334       -1.6416666666666666        1.7634413082066231        3.4051080263896409     
  0.36666666666666664       -1.6333333333333333        1.6664080410976965        3.2997414271015373     
  0.37500000000000000       -1.6250000000000000        1.5694417182594975        3.1944417720821860     
  0.38333333333333336       -1.6166666666666667        1.4725422839283482        3.0892090055679233     
  0.39166666666666666       -1.6083333333333334        1.3757096823870540        2.9840430718415689     
  0.40000000000000002       -1.6000000000000001        1.2789438579648049        2.8789439152323126     
  0.40833333333333333       -1.5916666666666668        1.1822447550372175        2.7739114801157712     
  0.41666666666666669       -1.5833333333333333        1.0856123180261648        2.6689457109138175     
  0.42499999999999999       -1.5750000000000000       0.98904649139988976        2.5640465520946947     
  0.43333333333333335       -1.5666666666666667       0.89254721967283501        2.4592139481728594     
  0.44166666666666665       -1.5583333333333333       0.79611444740571358        2.3544478437089964     
  0.45000000000000001       -1.5500000000000000       0.69974811920535274        2.2497481833099897     
  0.45833333333333331       -1.5416666666666667       0.60344817972480769        2.1451149116288377     
  0.46666666666666667       -1.5333333333333332       0.50721457366316258        2.0405479733646530     
  0.47499999999999998       -1.5249999999999999       0.41104724576558738        1.9360473132626339     
  0.48333333333333334       -1.5166666666666666       0.31494614082329520        1.8316128761139510     
  0.49166666666666664       -1.5083333333333333       0.21891120367348549        1.7272446067558462     
  0.50000000000000000       -1.5000000000000000       0.12294237919928719        1.6229424500714060     
  0.50833333333333330       -1.4916666666666667        2.7039612329758711E-002   1.5187063509897030     
  0.51666666666666672       -1.4833333333333334       -6.8797151960197311E-002   1.4145362544856965     
  0.52500000000000002       -1.4750000000000001      -0.16456796864977719        1.3104321055801194     
  0.53333333333333333       -1.4666666666666668      -0.26027289267246090        1.2063938493395625     
  0.54166666666666663       -1.4583333333333335      -0.35591197891592685        1.1024214308762907     
  0.55000000000000004       -1.4500000000000000      -0.45148528222210871       0.99851479534837040     
  0.55833333333333335       -1.4416666666666667      -0.54699285738732328       0.89467388795956992     
  0.56666666666666665       -1.4333333333333333      -0.64243475916219950       0.79089865395917514     
  0.57499999999999996       -1.4250000000000000      -0.73781104225173522       0.68718903864221659     
  0.58333333333333337       -1.4166666666666665      -0.83312176131542515       0.58354498734921378     
  0.59166666666666667       -1.4083333333333332      -0.92836697096717558       0.47996644546624623     
  0.59999999999999998       -1.3999999999999999       -1.0235467257754465       0.37645335842486816     
  0.60833333333333328       -1.3916666666666666       -1.1186610802632089       0.27300567170210854     
  0.61666666666666670       -1.3833333333333333       -1.2137100889080159       0.16962333082041425     
  0.62500000000000000       -1.3750000000000000       -1.3086938061420739        6.6306281347578988E-002
  0.63333333333333330       -1.3666666666666667       -1.4036122863522280       -3.6945531103242502E-002
  0.64166666666666672       -1.3583333333333334       -1.4984655838800194      -0.14013216087354863     
  0.65000000000000002       -1.3500000000000001       -1.5932537530217132      -0.24325366225966150     
  0.65833333333333333       -1.3416666666666668       -1.6879768480283701      -0.34631008951258480     
  0.66666666666666663       -1.3333333333333335       -1.7826349231058174      -0.44930149683821696     
  0.67500000000000004       -1.3250000000000000       -1.8772280324148056      -0.55222793839725171     
  0.68333333333333335       -1.3166666666666667       -1.9717562300709091      -0.65508946830524906     
  0.69166666666666665       -1.3083333333333333       -2.0662195701446251      -0.75788614063273485     
  0.69999999999999996       -1.3000000000000000       -2.1606181066614312      -0.86061800940517230     
  0.70833333333333337       -1.2916666666666665       -2.2549518936018131      -0.96328512860304727     
  0.71666666666666667       -1.2833333333333332       -2.3492209849012511       -1.0658875521618540     
  0.72499999999999998       -1.2749999999999999       -2.4434254344503472       -1.1684253339721380     
  0.73333333333333328       -1.2666666666666666       -2.5375652960947548       -1.2708985278796519     
  0.74166666666666670       -1.2583333333333333       -2.6316406236353487       -1.3733071876851426     
  0.75000000000000000       -1.2500000000000000       -2.7256514708281259       -1.4756513671447209     
  0.75833333333333330       -1.2416666666666667       -2.8195978913843334       -1.5779311199695485     
  0.76666666666666672       -1.2333333333333334       -2.9134799389704540       -1.6801464998261366     
  0.77500000000000002       -1.2250000000000001       -3.0072976672083200       -1.7822975603363176     
  0.78333333333333333       -1.2166666666666668       -3.1010511296750423       -1.8843843550771737     
  0.79166666666666663       -1.2083333333333335       -3.1947403799031093       -1.9864069375812505     
  0.80000000000000004       -1.2000000000000000       -3.2883654713804589       -2.0883653613364288     
  0.80833333333333335       -1.1916666666666667       -3.3819264575504349       -2.1902596797860525     
  0.81666666666666665       -1.1833333333333333       -3.4754233918118729       -2.2920899463289857     
  0.82499999999999996       -1.1750000000000000       -3.5688563275191143       -2.3938562143195412     
  0.83333333333333337       -1.1666666666666665       -3.6622253179820916       -2.4955585370676658     
  0.84166666666666667       -1.1583333333333332       -3.7555304164663141       -2.5971969678388831     
  0.84999999999999998       -1.1499999999999999       -3.8487716761929107       -2.6987715598542650     
  0.85833333333333328       -1.1416666666666666       -3.9419491503387007       -2.8002823662906735     
  0.86666666666666670       -1.1333333333333333       -4.0350628920361657       -2.9017294402805618     
  0.87500000000000000       -1.1250000000000000       -4.1281129543735915       -3.0031128349122440     
  0.88333333333333330       -1.1166666666666667       -4.2210993903949827       -3.1044326032296965     
  0.89166666666666672       -1.1083333333333334       -4.3140222531001768       -3.2056887982327709     
  0.90000000000000002       -1.1000000000000001       -4.4068815954449008       -3.3068814728771798     
  0.90833333333333333       -1.0916666666666668       -4.4996774703407283       -3.4080106800744829     
  0.91666666666666663       -1.0833333333333335       -4.5924099306551511       -3.5090764726922146     
  0.92500000000000004       -1.0750000000000000       -4.6850790292116642       -3.6100789035538270     
  0.93333333333333335       -1.0666666666666667       -4.7776848187897372       -3.7110180254387899     
  0.94166666666666665       -1.0583333333333333       -4.8702273521248713       -3.8118938910826046     
  0.94999999999999996       -1.0500000000000000       -4.9627066819086281       -3.9127065531768466     
  0.95833333333333337       -1.0416666666666665       -5.0551228607887282       -4.0134560643692225     
  0.96666666666666667       -1.0333333333333332       -5.1474759413689668       -4.1141424772635418     
  0.97499999999999998       -1.0249999999999999       -5.2397659762093838       -4.2147658444198299     
  0.98333333333333328       -1.0166666666666666       -5.3319930178262211       -4.3153262183543006     
  0.99166666666666670       -1.0083333333333333       -5.4241571186919373       -4.4158236515394407     
   1.0000000000000000       -1.0000000000000000       -5.5162583312353206       -4.5162581964040527     
   1.0083333333333333      -0.99166666666666670       -5.6082967078414896       -4.6166299053331983     
   1.0166666666666666      -0.98333333333333339       -5.7002723008518927       -4.7169388306683686     
   1.0249999999999999      -0.97500000000000009       -5.7921851625644223       -4.8171850247074417     
   1.0333333333333334      -0.96666666666666656       -5.8840353452333858       -4.9173685397046967     
   1.0416666666666667      -0.95833333333333326       -5.9758229010695345       -5.0174894278709417     
   1.0500000000000000      -0.94999999999999996       -6.0675478822401914       -5.1175477413734427     
   1.0583333333333333      -0.94166666666666665       -6.1592103408691514       -5.2175435323360233     
   1.0666666666666667      -0.93333333333333335       -6.2508103290368808       -5.3174768528391212     
   1.0750000000000000      -0.92500000000000004       -6.3423478987803747       -5.4173477549197315     
   1.0833333333333333      -0.91666666666666674       -6.4338231020933137       -5.5171562905715916     
   1.0916666666666666      -0.90833333333333344       -6.5252359909260917       -5.6169025117450389     
   1.1000000000000001      -0.89999999999999991       -6.6165866171858312       -5.7165864703471811     
   1.1083333333333334      -0.89166666666666661       -6.7078750327363679       -5.8162082182418828     
   1.1166666666666667      -0.88333333333333330       -6.7991012893983935       -5.9157678072497930     
   1.1250000000000000      -0.87500000000000000       -6.8902654389493563       -6.0152652891484308     
   1.1333333333333333      -0.86666666666666670       -6.9813675331236738       -6.1147007156721571     
   1.1416666666666666      -0.85833333333333339       -7.0724076236125910       -6.2140741385122169     
   1.1499999999999999      -0.85000000000000009       -7.1633857620643511       -6.3133856093168674     
   1.1583333333333334      -0.84166666666666656       -7.2543020000841238       -6.4126351796912502     
   1.1666666666666667      -0.83333333333333326       -7.3451563892341198       -6.5118229011976183     
   1.1750000000000000      -0.82499999999999996       -7.4359489810335901       -6.6109488253552087     
   1.1833333333333333      -0.81666666666666665       -7.5266798269588975       -6.7100130036403272     
   1.1916666666666667      -0.80833333333333335       -7.6173489784434878       -6.8090154874864766     
   1.2000000000000000      -0.80000000000000004       -7.7079564868779897       -6.9079563282842429     
   1.2083333333333333      -0.79166666666666674       -7.7985024036102004       -7.0068355773814659     
   1.2166666666666666      -0.78333333333333344       -7.8889867799451565       -7.1056532860831680     
   1.2250000000000001      -0.77499999999999991       -7.9794096671451769       -7.2044095056516397     
   1.2333333333333334      -0.76666666666666661       -8.0697711164298624       -7.3031042873064962     
   1.2416666666666667      -0.75833333333333330       -8.1600711789761391       -7.4017376822246632     
   1.2500000000000000      -0.75000000000000000       -8.2503099059183285       -7.5003097415404483     
   1.2583333333333333      -0.74166666666666670       -8.3404873483481197       -7.5988205163455831     
   1.2666666666666666      -0.73333333333333339       -8.4306035573146971       -7.6972700576891810     
   1.2749999999999999      -0.72500000000000009       -8.5206585838246696       -7.7956584165778935     
   1.2833333333333334      -0.71666666666666656       -8.6106524788421837       -7.8939856439758529     
   1.2916666666666667      -0.70833333333333326       -8.7005852932889383       -7.9922517908047439     
   1.3000000000000000      -0.69999999999999996       -8.7904570780442128       -8.0904569079438744     
   1.3083333333333333      -0.69166666666666665       -8.8802678839448674       -8.1886010462300902     
   1.3166666666666667      -0.68333333333333335       -8.9700177617854990       -8.2866842564579457     
   1.3250000000000000      -0.67500000000000004       -9.0597067623182994       -8.3847065893796753     
   1.3333333333333333      -0.66666666666666674       -9.1493349362532399       -8.4826680957052503     
   1.3416666666666666      -0.65833333333333344       -9.2389023342580430       -8.5805688261023789     
   1.3500000000000001      -0.64999999999999991       -9.3284090069582106       -8.6784088311965490     
   1.3583333333333334      -0.64166666666666661       -9.4178550049370955       -8.7761881615711417     
   1.3666666666666667      -0.63333333333333330       -9.5072403787359008       -8.8739068677673174     
   1.3750000000000000      -0.62500000000000000       -9.5965651788537372       -8.9715650002842153     
   1.3833333333333333      -0.61666666666666670       -9.6858294557476228       -9.0691626095788536     
   1.3916666666666666      -0.60833333333333339       -9.7750332598325969       -9.1666997460662571     
   1.3999999999999999      -0.60000000000000009       -9.8641766414816772       -9.2641764601194154     
   1.4083333333333334      -0.59166666666666656       -9.9532596510259026       -9.3615928020694099     
   1.4166666666666667      -0.58333333333333326       -10.042282338754404       -9.4589488222053717     
   1.4250000000000000      -0.57499999999999996       -10.131244754914448       -9.5562445707745098     
   1.4333333333333333      -0.56666666666666665       -10.220146949711392       -9.6534800979822251     
   1.4416666666666667      -0.55833333333333335       -10.308988973308828       -9.7506554539920955     
   1.4500000000000000      -0.55000000000000004       -10.397770875828499       -9.8477706889258627     
   1.4583333333333333      -0.54166666666666674       -10.486492707350465       -9.9448258528636018     
   1.4666666666666666      -0.53333333333333344       -10.575154517913049       -10.041820995843594     
   1.4750000000000001      -0.52499999999999991       -10.663756357512838       -10.138756167862468     
   1.4833333333333334      -0.51666666666666661       -10.752298276104838       -10.235631418875215     
   1.4916666666666667      -0.50833333333333330       -10.840780323602459       -10.332446798795189     
   1.5000000000000000      -0.50000000000000000       -10.929202549877445       -10.429202357494219     
   1.5083333333333333      -0.49166666666666670       -11.017565004760087       -10.525898144802539     
   1.5166666666666666      -0.48333333333333339       -11.105867738039095       -10.622534210508874     
   1.5249999999999999      -0.47500000000000009       -11.194110799461782       -10.719110604360537     
   1.5333333333333334      -0.46666666666666656       -11.282294238733954       -10.815627376063318     
   1.5416666666666667      -0.45833333333333326       -11.370418105520059       -10.912084575281668     
   1.5500000000000000      -0.44999999999999996       -11.458482449443139       -11.008482251638654     
   1.5583333333333333      -0.44166666666666665       -11.546487320084935       -11.104820454715963     
   1.5666666666666667      -0.43333333333333335       -11.634432766985867       -11.201099234054055     
   1.5750000000000000      -0.42500000000000004       -11.722318839645084       -11.297318639152039     
   1.5833333333333333      -0.41666666666666674       -11.810145587520523       -11.393478719467893     
   1.5916666666666666      -0.40833333333333344       -11.897913060028898       -11.489579524418318     
   1.6000000000000001      -0.39999999999999991       -11.985621306545781       -11.585621103378870     
   1.6083333333333334      -0.39166666666666661       -12.073270376405603       -11.681603505683981     
   1.6166666666666667      -0.38333333333333330       -12.160860318901712       -11.777526780626999     
   1.6250000000000000      -0.37500000000000000       -12.248391183286373       -11.873390977460190     
   1.6333333333333333      -0.36666666666666670       -12.335863018770851       -11.969196145394804     
   1.6416666666666666      -0.35833333333333339       -12.423275874525402       -12.064942333601110     
   1.6499999999999999      -0.35000000000000009       -12.510629799679336       -12.160629591208419     
   1.6583333333333334      -0.34166666666666656       -12.597924843321010       -12.256257967305075     
   1.6666666666666667      -0.33333333333333326       -12.685161054497925       -12.351827510938591     
   1.6750000000000000      -0.32499999999999996       -12.772338482216725       -12.447338271115598     
   1.6833333333333333      -0.31666666666666665       -12.859457175443211       -12.542790296801869     
   1.6916666666666667      -0.30833333333333335       -12.946517183102415       -12.638183636922463     
   1.7000000000000000      -0.30000000000000004       -13.033518554078597       -12.733518340361627     
   1.7083333333333333      -0.29166666666666674       -13.120461337215275       -12.828794455962921     
   1.7166666666666666      -0.28333333333333344       -13.207345581315366       -12.924012032529205     
   1.7250000000000001      -0.27499999999999991       -13.294171335141058       -13.019171118822683     
   1.7333333333333334      -0.26666666666666661       -13.380938647413927       -13.114271763564929     
   1.7416666666666667      -0.25833333333333330       -13.467647566815003       -13.209314015436973     
   1.7500000000000000      -0.25000000000000000       -13.554298141984731       -13.304297923079261     
   1.7583333333333333      -0.24166666666666670       -13.640890421523068       -13.399223535091750     
   1.7666666666666666      -0.23333333333333339       -13.727424453989457       -13.494090900033854     
   1.7749999999999999      -0.22500000000000009       -13.813900287902925       -13.588900066424614     
   1.7833333333333334      -0.21666666666666656       -13.900317971742027       -13.683651082742600     
   1.7916666666666667      -0.20833333333333326       -13.986677553945015       -13.778343997426063     
   1.8000000000000000      -0.19999999999999996       -14.072979082909725       -13.872978858872813     
   1.8083333333333333      -0.19166666666666665       -14.159222606993708       -13.967555715440398     
   1.8166666666666667      -0.18333333333333335       -14.245408174514253       -14.062074615446107     
   1.8250000000000000      -0.17500000000000004       -14.331535833748347       -14.156535607166944     
   1.8333333333333333      -0.16666666666666674       -14.417605632932805       -14.250938738839736     
   1.8416666666666666      -0.15833333333333344       -14.503617620264265       -14.345284058661079     
   1.8500000000000001      -0.14999999999999991       -14.589571843899193       -14.439571614787425     
   1.8583333333333334      -0.14166666666666661       -14.675468351953938       -14.533801455335194     
   1.8666666666666667      -0.13333333333333330       -14.761307192504816       -14.627973628380616     
   1.8750000000000000      -0.12500000000000000       -14.847088413588025       -14.722088181959961     
   1.8833333333333333      -0.11666666666666670       -14.932812063199819       -14.816145164069439     
   1.8916666666666666      -0.10833333333333339       -15.018478189296417       -14.910144622665257     
   1.8999999999999999      -0.10000000000000009       -15.104086839794135       -15.004086605663773     
   1.9083333333333334       -9.1666666666666563E-002  -15.189638062569358       -15.097971160941299     
   1.9166666666666667       -8.3333333333333259E-002  -15.275131905458565       -15.191798336334386     
   1.9250000000000000       -7.4999999999999956E-002  -15.360568416258417       -15.285568179639668     
   1.9333333333333333       -6.6666666666666652E-002  -15.445947642725741       -15.379280738613957     
   1.9416666666666667       -5.8333333333333348E-002  -15.531269632577661       -15.472936060974376     
   1.9500000000000000       -5.0000000000000044E-002  -15.616534433491410       -15.566534194398159     
   1.9583333333333333       -4.1666666666666741E-002  -15.701742093104613       -15.660075186522946     
   1.9666666666666666       -3.3333333333333437E-002  -15.786892659015209       -15.753559084946659     
   1.9750000000000001       -2.4999999999999911E-002  -15.871986178781427       -15.846985937227515     
   1.9833333333333334       -1.6666666666666607E-002  -15.957022699921936       -15.940355790884226     
   1.9916666666666667       -8.3333333333333037E-003  -16.042002269915827       -16.033668693395811     
   2.0000000000000000        0.0000000000000000       -16.126924936202599       -16.126924692201811     
   2.0083333333333333        8.3333333333333037E-003  -16.211790746182245       -16.220123834702235     
   2.0166666666666666        1.6666666666666607E-002  -16.296599747215311       -16.313266168257570     
   2.0249999999999999        2.4999999999999911E-002  -16.381351986622846       -16.406351740188924     
   2.0333333333333332        3.3333333333333215E-002  -16.466047511686511       -16.499380597777900     
   2.0416666666666665        4.1666666666666519E-002  -16.550686369648574       -16.592352788266808     
   2.0499999999999998        4.9999999999999822E-002  -16.635268607711964       -16.685268358858551     
   2.0583333333333331        5.8333333333333126E-002  -16.719794273040236       -16.778127356716695     
   2.0666666666666669        6.6666666666666874E-002  -16.804263412757749       -16.870929828965586     
   2.0750000000000002        7.5000000000000178E-002  -16.888676073949512       -16.963675822690220     
   2.0833333333333335        8.3333333333333481E-002  -16.973032303661384       -17.056365384936512     
   2.0916666666666668        9.1666666666666785E-002  -17.057332148900016       -17.148998562711029     
   2.1000000000000001       0.10000000000000009       -17.141575656632867       -17.241575402981283     
   2.1083333333333334       0.10833333333333339       -17.225762873788341       -17.334095952675668     
   2.1166666666666667       0.11666666666666670       -17.309893847255665       -17.426560258683395     
   2.1250000000000000       0.12500000000000000       -17.393968623885115       -17.518968367854754     
   2.1333333333333333       0.13333333333333330       -17.477987250487843       -17.611320327000882     
   2.1416666666666666       0.14166666666666661       -17.561949773836062       -17.703616182893995     
   2.1499999999999999       0.14999999999999991       -17.645856240662994       -17.795855982267312     
   2.1583333333333332       0.15833333333333321       -17.729706697662976       -17.888039771815144     
   2.1666666666666665       0.16666666666666652       -17.813501191491383       -17.980167598192949     
   2.1749999999999998       0.17499999999999982       -17.897239768764805       -18.072239508017219     
   2.1833333333333331       0.18333333333333313       -17.980922476060954       -18.164255547865693     
   2.1916666666666669       0.19166666666666687       -18.064549359918757       -18.256215764277286     
   2.2000000000000002       0.20000000000000018       -18.148120466838321       -18.348120203752146     
   2.2083333333333335       0.20833333333333348       -18.231635843281111       -18.439968912751723     
   2.2166666666666668       0.21666666666666679       -18.315095535669826       -18.531761937698704     
   2.2250000000000001       0.22500000000000009       -18.398499590388553       -18.623499324977132     
   2.2333333333333334       0.23333333333333339       -18.481848053782656       -18.715181120932442     
   2.2416666666666667       0.24166666666666670       -18.565140972158972       -18.806807371871400     
   2.2500000000000000       0.25000000000000000       -18.648378391785712       -18.898378124062290     
   2.2583333333333333       0.25833333333333330       -18.731560358892608       -18.989893423734785     
   2.2666666666666666       0.26666666666666661       -18.814686919670805       -19.081353317080044     
   2.2749999999999999       0.27499999999999991       -18.897758120273039       -19.172757850250818     
   2.2833333333333332       0.28333333333333321       -18.980774006813562       -19.264107069361316     
   2.2916666666666665       0.29166666666666652       -19.063734625368213       -19.355401020487420     
   2.2999999999999998       0.29999999999999982       -19.146640021974477       -19.446639749666602     
   2.3083333333333331       0.30833333333333313       -19.229490242631485       -19.537823302897962     
   2.3166666666666669       0.31666666666666687       -19.312285333300039       -19.628951726142333     
   2.3250000000000002       0.32500000000000018       -19.395025339902645       -19.720025065322176     
   2.3333333333333335       0.33333333333333348       -19.477710308323566       -19.811043366321840     
   2.3416666666666668       0.34166666666666679       -19.560340284408866       -19.902006674987305     
   2.3500000000000001       0.35000000000000009       -19.642915313966412       -19.992915037126437     
   2.3583333333333334       0.35833333333333339       -19.725435442765871       -20.083768498508974     
   2.3666666666666667       0.36666666666666670       -19.807900716538839       -20.174567104866426     
   2.3750000000000000       0.37500000000000000       -19.890311180978813       -20.265310901892335     
   2.3833333333333333       0.38333333333333330       -19.972666881741176       -20.355999935242082     
   2.3916666666666666       0.39166666666666661       -20.054967864443356       -20.446634250533052     
   2.3999999999999999       0.39999999999999991       -20.137214174664692       -20.537213893344656     
   2.4083333333333332       0.40833333333333321       -20.219405857946668       -20.627738909218294     
   2.4166666666666665       0.41666666666666652       -20.301542959792727       -20.718209343657477     
   2.4249999999999998       0.42499999999999982       -20.383625525668464       -20.808625242127761     
   2.4333333333333331       0.43333333333333313       -20.465653601001605       -20.898986650056841     
   2.4416666666666669       0.44166666666666687       -20.547627231182020       -20.989293612834658     
   2.4500000000000002       0.45000000000000018       -20.629546461561745       -21.079546175813178     
   2.4583333333333335       0.45833333333333348       -20.711411337455090       -21.169744384306753     
   2.4666666666666668       0.46666666666666679       -20.793221904138562       -21.259888283591906     
   2.4750000000000001       0.47500000000000009       -20.874978206851040       -21.349977918907427     
   2.4833333333333334       0.48333333333333339       -20.956680290793599       -21.440013335454481     
   2.4916666666666667       0.49166666666666670       -21.038328201129772       -21.529994578396554     
   2.5000000000000000       0.50000000000000000       -21.119921982985417       -21.619921692859506     
   2.5083333333333333       0.50833333333333330       -21.201461681448805       -21.709794723931623     
   2.5166666666666666       0.51666666666666661       -21.282947341570647       -21.799613716663600     
   2.5249999999999999       0.52499999999999991       -21.364379008364168       -21.889378716068663     
   2.5333333333333332       0.53333333333333321       -21.445756726805030       -21.979089767122474     
   2.5416666666666665       0.54166666666666652       -21.527080541831509       -22.068746914763295     
   2.5499999999999998       0.54999999999999982       -21.608350498344365       -22.158350203891914     
   2.5583333333333331       0.55833333333333313       -21.689566641207023       -22.247899679371699     
   2.5666666666666669       0.56666666666666687       -21.770729015245522       -22.337395386028746     
   2.5750000000000002       0.57500000000000018       -21.851837665248524       -22.426837368651675     
   2.5833333333333335       0.58333333333333348       -21.932892635967406       -22.516225671991904     
   2.5916666666666668       0.59166666666666679       -22.013893972116293       -22.605560340763518     
   2.6000000000000001       0.60000000000000009       -22.094841718372038       -22.694841419643367     
   2.6083333333333334       0.60833333333333339       -22.175735919374276       -22.784068953271131     
   2.6166666666666667       0.61666666666666670       -22.256576619725479       -22.873242986249210     
   2.6250000000000000       0.62500000000000000       -22.337363863990944       -22.962363563142944     
   2.6333333333333333       0.63333333333333330       -22.418097696698851       -23.051430728480526     
   2.6416666666666666       0.64166666666666661       -22.498778162340287       -23.140444526753001     
   2.6499999999999999       0.64999999999999991       -22.579405305369306       -23.229405002414438     
   2.6583333333333332       0.65833333333333321       -22.659979170202874       -23.318312199881802     
   2.6666666666666665       0.66666666666666652       -22.740499801221034       -23.407166163535138     
   2.6749999999999998       0.67499999999999982       -22.820967242766784       -23.495966937717441     
   2.6833333333333331       0.68333333333333313       -22.901381539146243       -23.584714566734817     
   2.6916666666666669       0.69166666666666687       -22.981742734628625       -23.673409094856467     
   2.7000000000000002       0.70000000000000018       -23.062050873446182       -23.762050566314684     
   2.7083333333333335       0.70833333333333348       -23.142305999794445       -23.850639025304957     
   2.7166666666666668       0.71666666666666679       -23.222508157832024       -23.939174515985925     
   2.7250000000000001       0.72500000000000009       -23.302657391680825       -24.027657082479479     
   2.7333333333333334       0.73333333333333339       -23.382753745425944       -24.116086768870716     
   2.7416666666666667       0.74166666666666670       -23.462797263115803       -24.204463619208028     
   2.7500000000000000       0.75000000000000000       -23.542787988762086       -24.292787677503156     
   2.7583333333333333       0.75833333333333330       -23.622725966339857       -24.381058987731109     
   2.7666666666666666       0.76666666666666661       -23.702611239787515       -24.469277593830299     
   2.7749999999999999       0.77499999999999991       -23.782443853006882       -24.557443539702561     
   2.7833333333333332       0.78333333333333321       -23.862223849863184       -24.645556869213110     
   2.7916666666666665       0.79166666666666652       -23.941951274185158       -24.733617626190679     
   2.7999999999999998       0.79999999999999982       -24.021626169765000       -24.821625854427452     
   2.8083333333333331       0.80833333333333313       -24.101248580358401       -24.909581597679136     
   2.8166666666666669       0.81666666666666687       -24.180818549684659       -24.997484899665011     
   2.8250000000000002       0.82500000000000018       -24.260336121426590       -25.085335804067910     
   2.8333333333333335       0.83333333333333348       -24.339801339230689       -25.173134354534326     
   2.8416666666666668       0.84166666666666679       -24.419214246707057       -25.260880594674333     
   2.8500000000000001       0.85000000000000009       -24.498574887429484       -25.348574568061736     
   2.8583333333333334       0.85833333333333339       -24.577883304935440       -25.436216318234017     
   2.8666666666666667       0.86666666666666670       -24.657139542726156       -25.523805888692365     
   2.8750000000000000       0.87500000000000000       -24.736343644266611       -25.611343322901817     
   2.8833333333333333       0.88333333333333330       -24.815495652985575       -25.698828664291113     
   2.8916666666666666       0.89166666666666661       -24.894595612275694       -25.786261956252829     
   2.8999999999999999       0.89999999999999991       -24.973643565493362       -25.873643242143473     
   2.9083333333333332       0.90833333333333321       -25.052639555958947       -25.960972565283356     
   2.9166666666666665       0.91666666666666652       -25.131583626956726       -26.048249968956739     
   2.9249999999999998       0.92499999999999982       -25.210475821734875       -26.135475496411829     
   2.9333333333333331       0.93333333333333313       -25.289316183505591       -26.222649190860778     
   2.9416666666666669       0.94166666666666687       -25.368104755445046       -26.309771095479803     
   2.9500000000000002       0.95000000000000018       -25.446841580693430       -26.396841253409065     
   2.9583333333333335       0.95833333333333348       -25.525526702355052       -26.483859707752885     
   2.9666666666666668       0.96666666666666679       -25.604160163498292       -26.570826501579631     
   2.9750000000000001       0.97500000000000009       -25.682742007155625       -26.657741677921777     
   2.9833333333333334       0.98333333333333339       -25.761272276323723       -26.744605279775996     
   2.9916666666666667       0.99166666666666670       -25.839751013963422       -26.831417350103123     
   3.0000000000000000        1.0000000000000000       -25.918178262999774       -26.918177931828211     
   3.0083333333333333        1.0083333333333333       -25.996554066322062       -27.004887067840556     
   3.0166666666666666        1.0166666666666666       -26.074878466783886       -27.091544800993717     
   3.0249999999999999        1.0249999999999999       -26.153151507203106       -27.178151174105579     
   3.0333333333333332        1.0333333333333332       -26.231373230361910       -27.264706229958335     
   3.0416666666666665        1.0416666666666665       -26.309543679006907       -27.351210011298562     
   3.0499999999999998        1.0499999999999998       -26.387662895849047       -27.437662560837225     
   3.0583333333333331        1.0583333333333331       -26.465730923563697       -27.524063921249706     
   3.0666666666666669        1.0666666666666669       -26.543747804790726       -27.610414135175844     
   3.0750000000000002        1.0750000000000002       -26.621713582134419       -27.696713245219939     
   3.0833333333333335        1.0833333333333335       -26.699628298163631       -27.782961293950834     
   3.0916666666666668        1.0916666666666668       -26.777491995411722       -27.869158323901914     
   3.1000000000000001        1.1000000000000001       -26.855304716376637       -27.955304377571068     
   3.1083333333333334        1.1083333333333334       -26.933066503520905       -28.041399497420898     
   3.1166666666666667        1.1166666666666667       -27.010777399271717       -28.127443725878543     
   3.1250000000000000        1.1250000000000000       -27.088437446020890       -28.213437105335828     
   3.1333333333333333        1.1333333333333333       -27.166046686124957       -28.299379678149272     
   3.1416666666666666        1.1416666666666666       -27.243605161905137       -28.385271486640107     
   3.1499999999999999        1.1499999999999999       -27.321112915647419       -28.471112573094317     
   3.1583333333333332        1.1583333333333332       -27.398569989602564       -28.556902979762675     
   3.1666666666666665        1.1666666666666665       -27.475976425986119       -28.642642748860695     
   3.1749999999999998        1.1749999999999998       -27.553332266978515       -28.728331922568834     
   3.1833333333333331        1.1833333333333331       -27.630637554724984       -28.813970543032326     
   3.1916666666666669        1.1916666666666669       -27.707892331335714       -28.899558652361335     
   3.2000000000000002        1.2000000000000002       -27.785096638885761       -28.985096292630921     
   3.2083333333333335        1.2083333333333335       -27.862250519415156       -29.070583505881103     
   3.2166666666666668        1.2166666666666668       -27.939354014928924       -29.156020334116938     
   3.2250000000000001        1.2250000000000001       -28.016407167397077       -29.241406819308423     
   3.2333333333333334        1.2333333333333334       -28.093410018754696       -29.326743003390632     
   3.2416666666666667        1.2416666666666667       -28.170362610901904       -29.412028928263673     
   3.2500000000000000        1.2500000000000000       -28.247264985703922       -29.497264635792774     
   3.2583333333333333        1.2583333333333333       -28.324117184991110       -29.582450167808325     
   3.2666666666666666        1.2666666666666666       -28.400919250558999       -29.667585566105799     
   3.2749999999999999        1.2749999999999999       -28.477671224168262       -29.752670872445918     
   3.2833333333333332        1.2833333333333332       -28.554373147544823       -29.837706128554565     
   3.2916666666666665        1.2916666666666665       -28.631025062379834       -29.922691376122913     
   3.2999999999999998        1.2999999999999998       -28.707627010329716       -30.007626656807382     
   3.3083333333333331        1.3083333333333331       -28.784179033016215       -30.092512012229690     
   3.3166666666666669        1.3166666666666669       -28.860681172026375       -30.177347483976916     
   3.3250000000000002        1.3250000000000002       -28.937133468912606       -30.262133113601443     
   3.3333333333333335        1.3333333333333335       -29.013535965192688       -30.346868942621072     
   3.3416666666666668        1.3416666666666668       -29.089888702349882       -30.431555012519048     
   3.3500000000000001        1.3500000000000001       -29.166191721832845       -30.516191364744003     
   3.3583333333333334        1.3583333333333334       -29.242445065055691       -30.600778040710111     
   3.3666666666666667        1.3666666666666667       -29.318648773398081       -30.685315081796965     
   3.3750000000000000        1.3750000000000000       -29.394802888205163       -30.769802529349761     
   3.3833333333333333        1.3833333333333333       -29.470907450787692       -30.854240424679212     
   3.3916666666666666        1.3916666666666666       -29.546962502421991       -30.938628809061655     
   3.3999999999999999        1.3999999999999999       -29.622968084349978       -31.022967723739043     
   3.4083333333333332        1.4083333333333332       -29.698924237779238       -31.107257209918906     
   3.4166666666666665        1.4166666666666665       -29.774831003883037       -31.191497308774530     
   3.4249999999999998        1.4249999999999998       -29.850688423800349       -31.275688061444875     
   3.4333333333333331        1.4333333333333331       -29.926496538635845       -31.359829509034640     
   3.4416666666666669        1.4416666666666669       -30.002255389460011       -31.443921692614282     
   3.4500000000000002        1.4500000000000002       -30.077965017309047       -31.527964653220003     
   3.4583333333333335        1.4583333333333335       -30.153625463185044       -31.611958431853893     
   3.4666666666666668        1.4666666666666668       -30.229236768055884       -31.695903069483869     
   3.4750000000000001        1.4750000000000001       -30.304798972855366       -31.779798607043659     
   3.4833333333333334        1.4833333333333334       -30.380312118483161       -31.863645085433006     
   3.4916666666666667        1.4916666666666667       -30.455776245804898       -31.947442545517482     
   3.5000000000000000        1.5000000000000000       -30.531191395652129       -32.031191028128660     
   3.5083333333333333        1.5083333333333333       -30.606557608822442       -32.114890574064113     
   3.5166666666666666        1.5166666666666666       -30.681874926079388       -32.198541224087407     
   3.5249999999999999        1.5249999999999999       -30.757143388152613       -32.282143018928181     
   3.5333333333333332        1.5333333333333332       -30.832363035737785       -32.365695999282117     
   3.5416666666666665        1.5416666666666665       -30.907533909496728       -32.449200205810996     
   3.5499999999999998        1.5499999999999998       -30.982656050057351       -32.532655679142756     
   3.5583333333333331        1.5583333333333331       -31.057729498013749       -32.616062459871472     
   3.5666666666666669        1.5666666666666669       -31.132754293926176       -32.699420588557444     
   3.5750000000000002        1.5750000000000002       -31.207730478321103       -32.782730105727090     
   3.5833333333333335        1.5833333333333335       -31.282658091691282       -32.865991051873166     
   3.5916666666666668        1.5916666666666668       -31.357537174495704       -32.949203467454673     
   3.6000000000000001        1.6000000000000001       -31.432367767159647       -33.032367392896887     
   3.6083333333333334        1.6083333333333334       -31.507149910074730       -33.115482868591442     
   3.6166666666666667        1.6166666666666667       -31.581883643598928       -33.198549934896299     
   3.6250000000000000        1.6250000000000000       -31.656569008056621       -33.281568632135802     
   3.6333333333333333        1.6333333333333333       -31.731206043738538       -33.364539000600736     
   3.6416666666666666        1.6416666666666666       -31.805794790901899       -33.447461080548280     
   3.6499999999999999        1.6499999999999999       -31.880335289770386       -33.530334912202122     
   3.6583333333333332        1.6583333333333332       -31.954827580534143       -33.613160535752407     
   3.6666666666666665        1.6666666666666665       -32.029271703349870       -33.695937991355848     
   3.6749999999999998        1.6749999999999998       -32.103667698340821       -33.778667319135657     
   3.6833333333333331        1.6833333333333331       -32.178015605596777       -33.861348559181664     
   3.6916666666666669        1.6916666666666669       -32.252315465174156       -33.943981751550282     
   3.7000000000000002        1.7000000000000002       -32.326567317096043       -34.026566936264537     
   3.7083333333333335        1.7083333333333335       -32.400771201352136       -34.109104153314178     
   3.7166666666666668        1.7166666666666668       -32.474927157898847       -34.191593442655595     
   3.7250000000000001        1.7250000000000001       -32.549035226659299       -34.274034844211911     
   3.7333333333333334        1.7333333333333334       -32.623095447523340       -34.356428397872989     
   3.7416666666666667        1.7416666666666667       -32.697107860347629       -34.438774143495472     
   3.7500000000000000        1.7500000000000000       -32.771072504955583       -34.521072120902772     
   3.7583333333333333        1.7583333333333333       -32.844989421137498       -34.603322369885198     
   3.7666666666666666        1.7666666666666666       -32.918858648650470       -34.685524930199819     
   3.7749999999999999        1.7749999999999999       -32.992680227218514       -34.767679841570683     
   3.7833333333333332        1.7833333333333332       -33.066454196532533       -34.849787143688665     
   3.7916666666666665        1.7916666666666665       -33.140180596250396       -34.931846876211637     
   3.7999999999999998        1.7999999999999998       -33.213859465996926       -35.013859078764419     
   3.8083333333333331        1.8083333333333331       -33.287490845363898       -35.095823790938809     
   3.8166666666666669        1.8166666666666669       -33.361074773910183       -35.177741052293641     
   3.8250000000000002        1.8250000000000002       -33.434611291161637       -35.259610902354787     
   3.8333333333333335        1.8333333333333335       -33.508100436611223       -35.341433380615214     
   3.8416666666666668        1.8416666666666668       -33.581542249719007       -35.423208526534971     
   3.8500000000000001        1.8500000000000001       -33.654936769912169       -35.504936379541235     
   3.8583333333333334        1.8583333333333334       -33.728284036585052       -35.586616979028378     
   3.8666666666666667        1.8666666666666667       -33.801584089099180       -35.668250364357895     
   3.8750000000000000        1.8750000000000000       -33.874836966783320       -35.749836574858563     
   3.8833333333333333        1.8833333333333333       -33.948042708933457       -35.831375649826334     
   3.8916666666666666        1.8916666666666666       -34.021201354812803       -35.912867628524467     
   3.8999999999999999        1.8999999999999999       -34.094312943651929       -35.994312550183537     
   3.9083333333333332        1.9083333333333332       -34.167377514648720       -36.075710454001360     
   3.9166666666666665        1.9166666666666665       -34.240395106968357       -36.157061379143158     
   3.9249999999999998        1.9249999999999998       -34.313365759743441       -36.238365364741547     
   3.9333333333333331        1.9333333333333331       -34.386289512073979       -36.319622449896485     
   3.9416666666666669        1.9416666666666669       -34.459166403027375       -36.400832673675438     
   3.9500000000000002        1.9500000000000002       -34.531996471638529       -36.481996075113237     
   3.9583333333333335        1.9583333333333335       -34.604779756909785       -36.563112693212275     
   3.9666666666666668        1.9666666666666668       -34.677516297811039       -36.644182566942440     
   3.9750000000000001        1.9750000000000001       -34.750206133279704       -36.725205735241104     
   3.9833333333333334        1.9833333333333334       -34.822849302220760       -36.806182237013289     
   3.9916666666666667        1.9916666666666667       -34.895445843506778       -36.887112111131536     
   4.0000000000000000        2.0000000000000000       -34.967995795977956       -36.967995396436066     
   4.0083333333333337        2.0083333333333337       -35.040499198442134       -37.048832131734713     
   4.0166666666666666        2.0166666666666666       -35.112956089674825       -37.129622355802965     
   4.0250000000000004        2.0250000000000004       -35.185366508419236       -37.210366107384075     
   4.0333333333333332        2.0333333333333332       -35.257730493386319       -37.291063425188931     
   4.0416666666666670        2.0416666666666670       -35.330048083254788       -37.371714347896273     
   4.0499999999999998        2.0499999999999998       -35.402319316671075       -37.452318914152563     
   4.0583333333333336        2.0583333333333336       -35.474544232249521       -37.532877162572078     
   4.0666666666666664        2.0666666666666664       -35.546722868572196       -37.613389131736966     
   4.0750000000000002        2.0750000000000002       -35.618855264189129       -37.693854860197156     
   4.0833333333333330        2.0833333333333330       -35.690941457618145       -37.774274386470566     
   4.0916666666666668        2.0916666666666668       -35.762981487345073       -37.854647749042961     
   4.0999999999999996        2.0999999999999996       -35.834975391823605       -37.934974986368061     
   4.1083333333333334        2.1083333333333334       -35.906923209475437       -38.015256136867578     
   4.1166666666666663        2.1166666666666663       -35.978824978690298       -38.095491238931174     
   4.1250000000000000        2.1250000000000000       -36.050680737825871       -38.175680330916606     
   4.1333333333333337        2.1333333333333337       -36.122490525207937       -38.255823451149595     
   4.1416666666666666        2.1416666666666666       -36.194254379130314       -38.335920637923977     
   4.1500000000000004        2.1500000000000004       -36.265972337854947       -38.415971929501723     
   4.1583333333333332        2.1583333333333332       -36.337644439611907       -38.495977364112854     
   4.1666666666666670        2.1666666666666670       -36.409270722599409       -38.575936979955628     
   4.1749999999999998        2.1749999999999998       -36.480851224983873       -38.655850815196423     
   4.1833333333333336        2.1833333333333336       -36.552385984899892       -38.735718907969868     
   4.1916666666666664        2.1916666666666664       -36.623875040450322       -38.815541296378811     
   4.2000000000000002        2.2000000000000002       -36.695318429706269       -38.895318018494329     
   4.2083333333333330        2.2083333333333330       -36.766716190707108       -38.975049112355833     
   4.2166666666666668        2.2166666666666668       -36.838068361460586       -39.054734615971022     
   4.2249999999999996        2.2249999999999996       -36.909374979942726       -39.134374567315945     
   4.2333333333333334        2.2333333333333334       -36.980636084097938       -39.213969004335041     
   4.2416666666666663        2.2416666666666663       -37.051851711839035       -39.293517964941060     
   4.2500000000000000        2.2500000000000000       -37.123021901047252       -39.373021487015265     
   4.2583333333333337        2.2583333333333337       -37.194146689572250       -39.452479608407344     
   4.2666666666666666        2.2666666666666666       -37.265226115232181       -39.531892366935395     
   4.2750000000000004        2.2750000000000004       -37.336260215813667       -39.611259800386080     
   4.2833333333333332        2.2833333333333332       -37.407249029071892       -39.690581946514563     
   4.2916666666666670        2.2916666666666670       -37.478192592730586       -39.769858843044545     
   4.2999999999999998        2.2999999999999998       -37.549090944481996       -39.849090527668345     
   4.3083333333333336        2.3083333333333336       -37.619944121987068       -39.928277038046843     
   4.3166666666666664        2.3166666666666664       -37.690752162875292       -40.007418411809553     
   4.3250000000000002        2.3250000000000002       -37.761515104744866       -40.086514686554672     
   4.3333333333333330        2.3333333333333330       -37.832232985162641       -40.165565899849028     
   4.3416666666666668        2.3416666666666668       -37.902905841664207       -40.244572089228221     
   4.3499999999999996        2.3499999999999996       -37.973533711753831       -40.323533292196529     
   4.3583333333333334        2.3583333333333334       -38.044116632904590       -40.402449546227047     
   4.3666666666666663        2.3666666666666663       -38.114654642558335       -40.481320888761559     
   4.3750000000000000        2.3750000000000000       -38.185147778125724       -40.560147357210795     
   4.3833333333333337        2.3833333333333337       -38.255596076986251       -40.638928988954206     
   4.3916666666666666        2.3916666666666666       -38.325999576488272       -40.717665821340134     
   4.4000000000000004        2.4000000000000004       -38.396358313949051       -40.796357891685872     
   4.4083333333333332        2.4083333333333332       -38.466672326654717       -40.875005237277541     
   4.4166666666666670        2.4166666666666670       -38.536941651860410       -40.953607895370254     
   4.4249999999999998        2.4249999999999998       -38.607166326790185       -41.032165903188108     
   4.4333333333333336        2.4333333333333336       -38.677346388637112       -41.110679297924136     
   4.4416666666666664        2.4416666666666664       -38.747481874563256       -41.189148116740441     
   4.4500000000000002        2.4500000000000002       -38.817572821699777       -41.267572396768124     
   4.4583333333333330        2.4583333333333330       -38.887619267146839       -41.345952175107399     
   4.4666666666666668        2.4666666666666668       -38.957621247973762       -41.424287488827567     
   4.4749999999999996        2.4749999999999996       -39.027578801218951       -41.502578374967008     
   4.4833333333333334        2.4833333333333334       -39.097491963889979       -41.580824870533334     
   4.4916666666666663        2.4916666666666663       -39.167360772963562       -41.659027012503230     
   4.5000000000000000        2.5000000000000000       -39.237185265385662       -41.737184837822667     
   4.5083333333333337        2.5083333333333337       -39.306965478071419       -41.815298383406798     
   4.5166666666666666        2.5166666666666666       -39.376701447905248       -41.893367686140010     
   4.5250000000000004        2.5250000000000004       -39.446393211740840       -41.971392782876009     
   4.5333333333333332        2.5333333333333332       -39.516040806401179       -42.049373710437763     
   4.5416666666666670        2.5416666666666670       -39.585644268678571       -42.127310505617608     
   4.5499999999999998        2.5499999999999998       -39.655203635334701       -42.205203205177177     
   4.5583333333333336        2.5583333333333336       -39.724718943100598       -42.283051845847552     
   4.5666666666666664        2.5666666666666664       -39.794190228676719       -42.360856464329146     
   4.5750000000000002        2.5750000000000002       -39.863617528732931       -42.438617097291875     
   4.5833333333333330        2.5833333333333330       -39.933000879908576       -42.516333781375025     
   4.5916666666666668        2.5916666666666668       -40.002340318812486       -42.594006553187427     
   4.5999999999999996        2.5999999999999996       -40.071635882022932       -42.671635449307402     
   4.6083333333333334        2.6083333333333334       -40.140887606087794       -42.749220506282796     
   4.6166666666666663        2.6166666666666663       -40.210095527524459       -42.826761760630987     
   4.6250000000000000        2.6250000000000000       -40.279259682819941       -42.904259248838997     
   4.6333333333333337        2.6333333333333337       -40.348380108430796       -42.981713007363410     
   4.6416666666666666        2.6416666666666666       -40.417456840783267       -43.059123072630413     
   4.6500000000000004        2.6500000000000004       -40.486489916273243       -43.136489481035923     
   4.6583333333333332        2.6583333333333332       -40.555479371266273       -43.213812268945489     
   4.6666666666666670        2.6666666666666670       -40.624425242097651       -43.291091472694390     
   4.6749999999999998        2.6749999999999998       -40.693327565072352       -43.368327128587623     
   4.6833333333333336        2.6833333333333336       -40.762186376465166       -43.445519272899958     
   4.6916666666666664        2.6916666666666664       -40.831001712520639       -43.522667941875937     
   4.7000000000000002        2.7000000000000002       -40.899773609453113       -43.599773171729922     
   4.7083333333333330        2.7083333333333330       -40.968502103446802       -43.676834998646093     
   4.7166666666666668        2.7166666666666668       -41.037187230655732       -43.753853458778501     
   4.7249999999999996        2.7249999999999996       -41.105829027203839       -43.830828588251080     
   4.7333333333333334        2.7333333333333334       -41.174427529184996       -43.907760423157683     
   4.7416666666666663        2.7416666666666663       -41.242982772662948       -43.984648999562083     
   4.7500000000000000        2.7500000000000000       -41.311494793671443       -44.061494353497999     
   4.7583333333333337        2.7583333333333337       -41.379963628214206       -44.138296520969163     
   4.7666666666666666        2.7666666666666666       -41.448389312264950       -44.215055537949297     
   4.7750000000000004        2.7750000000000004       -41.516771881767482       -44.291771440382178     
   4.7833333333333332        2.7833333333333332       -41.585111372635581       -44.368444264181605     
   4.7916666666666670        2.7916666666666670       -41.653407820753181       -44.445074045231515     
   4.7999999999999998        2.7999999999999998       -41.721661261974283       -44.521660819385914     
   4.8083333333333336        2.8083333333333336       -41.789871732123061       -44.598204622468955     
   4.8166666666666664        2.8166666666666664       -41.858039266993806       -44.674705490274931     
   4.8250000000000002        2.8250000000000002       -41.926163902351021       -44.751163458568357     
   4.8333333333333330        2.8333333333333330       -41.994245673929420       -44.827578563083918     
   4.8416666666666668        2.8416666666666668       -42.062284617433932       -44.903950839526573     
   4.8499999999999996        2.8499999999999996       -42.130280768539734       -44.980280323571485     
   4.8583333333333334        2.8583333333333334       -42.198234162892334       -45.056567050864160     
   4.8666666666666663        2.8666666666666663       -42.266144836107500       -45.132811057020362     
   4.8750000000000000        2.8750000000000000       -42.334012823771360       -45.209012377626223     
   4.8833333333333337        2.8833333333333337       -42.401838161440402       -45.285171048238212     
   4.8916666666666666        2.8916666666666666       -42.469620884641436       -45.361287104383180     
   4.9000000000000004        2.9000000000000004       -42.537361028871786       -45.437360581558401     
   4.9083333333333332        2.9083333333333332       -42.605058629599100       -45.513391515231561     
   4.9166666666666670        2.9166666666666670       -42.672713722261570       -45.589379940840800     
   4.9249999999999998        2.9249999999999998       -42.740326342267792       -45.665325893794773     
   4.9333333333333336        2.9333333333333336       -42.807896524996920       -45.741229409472609     
   4.9416666666666664        2.9416666666666664       -42.875424305798632       -45.817090523223968     
   4.9500000000000002        2.9500000000000002       -42.942909719993132       -45.892909270369074     
   4.9583333333333330        2.9583333333333330       -43.010352802871218       -45.968685686198718     
   4.9666666666666668        2.9666666666666668       -43.077753589694325       -46.044419805974314     
   4.9749999999999996        2.9749999999999996       -43.145112115694445       -46.120111664927869     
   4.9833333333333334        2.9833333333333334       -43.212428416074275       -46.195761298262099     
   4.9916666666666663        2.9916666666666663       -43.279702526007178       -46.271368741150340     
   5.0000000000000000        3.0000000000000000       -43.346934480637209       -46.346934028736655     
